Webots Project File version R2019b
perspectives: 000000ff00000000fd0000000200000000000002de000003acfc0100000001fb0000001a0044006f00630075006d0065006e0074006100740069006f006e0000000000ffffffff0000006900ffffff00000001000003e3000003acfc0200000002fb0000001400540065007800740045006400690074006f0072010000001a000002230000008800fffffffb0000000e0043006f006e0073006f006c0065010000023f000001870000003900ffffff0000039b000003ac00000001000000020000000100000008fc00000000
simulationViewPerspectives: 000000ff000000010000000200000000000000fc0100000002010000000100
sceneTreePerspectives: 000000ff000000010000000200000282000000fa0100000002010000000200
maximizedDockId: -1
centralWidgetVisible: 1
selectionDisabled: 0
viewpointLocked: 0
orthographicViewHeight: 1
textFiles: 0 "controllers/fool_controller/MyRobot.cpp"
renderingDevicePerspectives: Pioneer 2:camera_s;0;2.91875;0;0
renderingDevicePerspectives: Pioneer 2:camera_f;1;1.00625;0;0.650964
